#!/usr/bin/env Rscript
val_c_iga <- c(-0.1289890565, -2.181768988, -0.13964112750000002, 0.2598236105, -1.986259539, -6.5508668637000005, 2.0032960457, -6.640855123000001, -3.0742773992, 0.42126920700000015, -10.00723078969, 1.465304868, 1.0791935763, -0.7033534350000001, -0.3015264005, 1.2881376920000005, 1.8314842037, -2.957510147, -1.1865801790000003, 2.79549501, -3.30485576, 1.1909389098999998, -2.8981506370999996, 3.601524159, -2.8392172670000004, -5.99271295988, -4.3081585101, 0.17988598109999998, -1.2943969520999998, 0.47755215, -0.6793083268800001, -11.11790127, -2.2389751490000003, 0.1120875803, 2.4566822150000003, 1.1266378220000002, -0.6124913131499999, -0.10717420130000001, -0.3928306808, -2.124865605)
val_t_iga <- c(-5.8680123537, -5.773397949, 30.4761088636, 0.5150252580000001, -5.073121606000001, -5.3096905067, -2.3394850690000006, 11.883312012000001, -1.0732988937999999, -0.9669955217, 0.7664522098000001, -1.34390776329, -0.14486489380000006, -1.331127602, 3.620871375000001, 0.4457327430000002, 0.2152038532, 1.3039494090000001, -0.5466143780000001, 4.563863397, -3.086918536, -3.5053675944, 0.22997510590000006, 0.07849983600000003, 1.84399125, -5.3033483411, 1.685030469, 0.12003969399999992, 1.0525485488, 5.345077666, 0.8391779683499999, -1.1034276432999999, 0.8673250334000001, 11.058861247000001, 2.317215729999999, -0.1504390873000001, 0.8568578020000002, 2.132908035, 1.1937931162, -0.203419477)
val_c_butyrate <- c(-0.3419234990388864, 0.6864697690108706, -0.8572710966740773, -1.3802644284096472, -0.9797049397331662, -0.057642325481596875, -0.5071955131420482, 0.38631394362842986, 0.025094901355576904, -1.6365704670799188, 1.5115295960948918, -0.5637229523151375, -0.004479226928560509, 0.1441272267801204, -0.5888654782193603, -0.5135077685112555, 0.10743773390343514, -0.43614278495941017, -0.37028005909149053, 0.228845450097276, 0.27193026314033664, 0.23539580303722496, -0.6881142411437804, 0.07406686221444903, 1.083181250114304, 0.34054338172432863, 0.19410213969827605, -0.37408787509798497, 0.5589562841790077, 0.4536974765619157, 0.16066538258258256, -1.1017740862539351, -1.7878185958491817, -0.4645236855133626, 0.5358345699632829, 0.4058299558848364, -1.5752183298848144, 0.5089471474620018, 0.04164000909701216, 0.05882847650378197)
val_t_butyrate <- c(0.7136081359106926, 0.9597575809919012, 0.08263430188215504, 0.2978490346893645, 0.9901584718329978, 0.03151582994204316, -0.09792146710875366, -1.6856720714173443, 2.486210918998241, 2.8118834712576453, -0.2411512189818812, -0.3533597972335949, 0.10097866041811844, 0.16285137927965426, 1.0557236465426396, 0.3708680459884365, -0.14453666802295273, -0.5157782489536771, -0.08827146587859136, 0.17894103913053505, -0.21568513376993992, 1.2930237147721495, 0.7001764534992201, 0.21686160980960545, 2.0080095673103884, 0.20182432946528345, 0.5225871479287933, 0.619558716934977, 1.084942147519869, 0.1690817575821013, -0.0017315112192464175, 1.5853436193057844, 0.11939559620510587, 0.3449191806365397, -0.5027370942048182, 0.7398981642847615, 0.9246136717513906, 0.2016093374946406, 2.183988895654501, 1.0227824057155486)
val_c_propionate <- c(-0.2419412593774692, 0.2010012578217688, -0.7455545873112437, -0.20652036928765005, -0.1908109044659828, -0.20782080116253066, 0.2772565483168403, 0.3675511488158079, -0.00293322526055706, 0.18379734081334045, 1.8170755161855252, -0.3522836895579089, -0.2925422113714629, 0.33573882991346965, -0.5268579911944413, 0.4375694856653729, 0.8229117559081962, -1.022144233472374, -0.43304773084240994, 0.02912496754723148, -0.06419848820821482, 0.2560698180017288, -0.2808298093611097, -0.15380066377450746, 0.7674336421150683, -1.8209705346498384, -0.782772017234848, -0.029438031847598082, 0.7127134454478831, 0.5243002757575757, 0.26022383993994, -0.5855534807577449, -1.9759924343394921, -0.21356527926067387, 1.168281192572124, 0.4677476379259923, -0.8671944129399264, 0.3759971418505288, 0.2948401835940919, -0.2704496651715789)
val_t_propionate <- c(1.0456640167248723, 0.5932890923815436, 0.04794965035465648, -0.13432230269336454, 1.6532248547446324, -0.2985041501695893, -0.10399728802239938, -0.7918376868770839, 1.1343385347679755, 2.0372790117224406, -0.1859160468456582, 0.3825834743559153, 0.03240470034594334, 0.049693173699853294, 1.1186038766272175, 0.3514036433142028, -0.09216694201264763, 0.2124589190678441, -0.2955248806599294, 1.3213282579226109, -0.07581484652805609, 0.358702950820148, 1.0210617519390646, 0.02790069163830755, 1.097144722790036, -0.03787716837672883, 0.22181264272691686, 0.4318765254950927, 0.8527856064553216, -0.8644867183710395, -1.8424952093810931, 0.7042963060280556, -1.5403623498282932, -1.0293314565976688, 0.13966043292273456, 0.8896637709507982, 0.7761434734813066, 0.9009542583128684, 1.9366982512162083, 0.8859372764882681)

library("effectsize")
print(mean(val_c_iga))
print(mean(val_t_iga))
print(mean(val_c_butyrate))
print(mean(val_t_butyrate))
print(mean(val_c_propionate))
print(mean(val_t_propionate))

print(hedges_g(val_t_iga, val_c_iga)$Hedges_g)
print(hedges_g(val_t_butyrate, val_c_butyrate)$Hedges_g)
print(hedges_g(val_t_propionate, val_c_propionate)$Hedges_g)
